-6.590005480105788e-63 -0.0014037144178893869
-2.051027928747986e-62 0.0002520924234114067
6.09983890459509e-62 0.0008470027193382425
-1.153072944270298e-61 -0.001077152730108846
2.9115083782774163e-62 -0.00044795811261088544
1.6093772609317943e-61 -5.438636381667352e-05
2.8517347483012364e-62 0.00041886545632554515
-4.553759878704735e-62 0.0006853267806912346
3.585241050928193e-62 -0.00026549185667292
-8.502683574487926e-62 -0.0012608624125968317
1.2833338970270691e-61 -0.0010868103432092342
-1.3895778483655234e-61 -7.686140085817808e-05
1.6342516841810622e-61 0.0012490952306134916
6.0179207145757155e-62 0.0006890812975744776
-1.2475589267025817e-61 -0.0020278504669828737
-1.950109415625034e-61 -0.0009668622274612258
1.3209121768747757e-62 -0.0003549767703211315
1.2374899324717764e-62 -0.0014215801940483629
-5.838555008549597e-63 0.00040194594790962326
8.738599081702893e-62 -0.00034038032519955976
2.816103435877415e-62 0.0006188373413507787
1.3908888974252714e-61 -0.0006851709974203296
-8.553369743396702e-62 -0.0007878622760485397
1.3348751848792161e-62 -0.0012715789470061764
1.1732808471313987e-61 1.5378639600765347e-05
1.9306258061459974e-62 0.0008080591915872762
7.627562640501219e-62 -0.0008165049452165264
-1.6645180228781377e-61 0.000782608720800982
6.352378631688828e-62 -0.000862966336765816
-5.002799506210559e-62 -0.0008123811988583028
1.4350865840667467e-61 0.00043003375184634166
-1.6105804209352076e-61 -0.00068359457843166
-1.3494523551420642e-61 -8.602157974398396e-05
-1.4777577436221329e-61 -0.0011759270703593989
9.397308064664982e-62 0.000465903414096145
-6.187583948921518e-62 0.00036304464952852724
-4.5970916488331245e-62 -0.0003792016128836181
7.3623695440446804e-09 0.0009121849719678549
1.373085534390089e-08 0.00176473154437168
8.39866710938803e-09 -0.0010031022025134425
3.909443248400464e-09 0.0014619102706674787
1.4675730288142935e-08 -0.00026793349281849086
1.037879372710311e-08 -0.0002532144750961738
-5.303531166297808e-10 -0.0009838364573228299
5.500510160736116e-09 0.0006446631646258836
4.530343083702285e-09 0.0009676835430210459
2.5316766184806346e-09 0.0010960608493848286
2.1960209727652864e-11 -0.0001426127999516524
5.592603069069834e-65 0.0015411170807330084
7.430379238726615e-62 0.0009881701931086578
4.59692182462985e-62 -0.0008919339256578776
1.3331201113469816e-61 -0.000733476825092817
1.742318975187437e-61 -0.0005345198193613959
-8.718121209305018e-62 0.001125226680313306
3.3005381971822426e-62 -0.0006530829252490972
1.379593677872326e-63 0.00039188411026164053
7.097736920601171e-62 -6.181051852096711e-05
-4.869990462277123e-62 -0.001262843971161757
1.5582914024831698e-61 -7.1816492421436e-05
1.0872789374518556e-62 -0.00026392739012855626
1.310668955493114e-61 0.0009146126542695991
6.995084404613869e-62 -0.0005933002613885722
5.315870539565125e-10 -0.0004839906415612583
1.0114309120950346e-08 0.0004716397776231329
8.361469079894217e-09 0.0005420579128942253
2.7902704890505213e-08 -0.0008093884452493803
3.387030881855662e-08 0.0009212531082126629
4.703474746082519e-08 0.0008804533571684613
8.809534554261807e-08 -0.0002799419797919293
1.191822554758183e-07 -0.0006078366328474835
1.5585034696339867e-07 0.0003506925790771794
1.34220666900052e-07 -0.0013501181106520801
1.7239249713483743e-07 0.0007875676968695084
1.649235695252571e-07 -0.00025695764517487147
1.3483214064367506e-07 -0.00023166555215568032
1.0852860897933652e-07 0.0007127331327725735
4.657168936109923e-08 -0.0007413750000308591
2.37354289743103e-08 -0.0018541777627854885
1.0675586293578992e-08 -0.0003162055566562934
5.49691533582985e-09 -0.0007184506202439073
2.8094712132250838e-09 -0.0007618886008068001
1.966180399009839e-10 0.0007055904706117529
3.8102673138804565e-62 -3.061918157752851e-05
1.3851259475283105e-61 -0.0032552019501557853
8.616279252233921e-63 0.0006586029919018751
-1.1849435247150193e-61 -0.0007129204950821315
-1.1100568807206345e-12 0.0007785467442265692
1.3426295527846872e-11 0.0002651152713404761
1.0575648213545355e-11 -0.0005916936410916549
2.8702641598386437e-18 0.00072972906292183
5.434272124279354e-09 0.00048001534431211975
3.460010572997404e-08 0.0017675823747257849
5.7012534010188085e-08 -0.0002839331423140814
9.317783872562596e-08 0.0014369507217171383
1.3817938281966578e-07 0.0002585087703122346
2.393959053489127e-07 -0.0002838728243704217
3.2622712409907985e-07 -0.00012910171629164946
4.167522638373156e-07 -0.0005141698739804555
4.755392532766559e-07 -0.00023851665714303024
4.639631756826141e-07 -0.00031837503808871065
5.016258306566151e-07 -0.0005489959715139493
4.660999880495935e-07 0.0008686159327252195
4.1204442739484387e-07 0.0003579358594430841
3.2306223198230446e-07 -0.0009519153414436854
1.619032442382477e-07 -0.0006029179378919439
5.531063254852623e-08 -0.0010070425996707535
1.4217029311922783e-08 3.4805272827382705e-05
1.501386627064496e-08 -7.150885902957801e-05
1.1874641000658608e-08 0.0005943125496180858
2.234550654596654e-09 0.0015484613902086032
-7.832188550923637e-62 -0.00013972042087390777
-1.4865532484047085e-61 0.0005876811777773494
-9.243460242334785e-62 -0.00026278251764821843
1.6304890857249847e-61 -0.0010110320546162885
-3.805909305327888e-12 1.5234274711620587e-05
2.23722839674015e-09 -0.00016883453017217293
1.0489293088147276e-09 0.00015374902122961128
2.4291927277191065e-08 -0.00021468501608794838
2.828211542755917e-08 0.0005536381197334579
1.1137572732422069e-07 0.0013157515295623835
1.8692128862751218e-07 0.0010430456446797293
2.8477181991394904e-07 -0.0008390272521587989
4.4747415339080475e-07 0.0006819651607342731
6.453895516553527e-07 0.00040616754669219344
6.481999541665502e-07 -0.0010369440186134673
5.4174243816927e-07 -0.0022206102524557764
3.289094145207886e-07 0.0009137117864292829
2.3958899758880553e-07 -0.0010936698290468759
2.531145992901115e-07 0.000708084577517302
-4.576312673627695e-09 -0.000488834482141479
5.233207247512552e-08 -0.0013690433319839947
-1.685944884364483e-07 0.0005932940603190255
-2.588547236891298e-07 0.000309853216056603
-1.252866535124641e-07 8.238632312703856e-05
2.7997456397577217e-09 -0.001116233467379865
1.7199978757498377e-08 -0.0013298283250335343
2.30302306808302e-09 -0.001130794708560567
1.4098145966103563e-08 -0.0005318382224457532
4.7683468750970365e-63 -0.0006299028144900599
4.188249244271518e-63 -6.63320725300138e-05
1.981588393081799e-62 0.00150756824800179
6.184495482184444e-62 0.0008112481963078442
-5.285985146288739e-13 -0.00015716563855375066
3.229305631839357e-09 -0.00183524647380904
1.7146424903284547e-08 0.0004590917635475736
3.759793017686036e-08 0.0005034636779967311
1.3934400244384488e-07 -0.0010559480774459406
3.049066447767148e-07 0.00013979229163389473
5.126567035167284e-07 -0.0004263878479270077
8.608793480034088e-07 0.0006318833541866295
1.1679093084413738e-06 0.0002508559842380751
1.469915169145352e-06 -0.0011231798388495482
1.4856390281722822e-06 -0.0015584869576447226
1.1832825951598968e-06 0.0007545414831776305
6.276909278402304e-07 -0.0003099279338765328
1.921458540084597e-07 -0.001157638583456237
1.2024125417225055e-07 0.0006220088208942691
1.4125419004052828e-07 4.3288172934071756e-05
-2.789798998553872e-08 0.0013698095698210378
-1.0968126417786296e-07 8.957493480452289e-05
-1.4208762746959495e-07 0.0002664455510854237
1.5878043251834686e-08 -0.0015011976173179978
1.3475020684418564e-07 -0.00026816447362627843
1.280242888819159e-07 0.0011302158533609491
6.641272144359631e-08 0.0001906723413928784
3.85350924084844e-08 0.00029124019368218396
9.540905518788208e-11 -0.0006016395833996394
-1.021042968388113e-61 0.00031269427979188326
7.168741802793951e-62 0.0011182823628733195
9.206003625374331e-62 -0.0013333904817217435
2.4609277881931666e-09 -0.0009510156582182922
3.4123916716217437e-09 -0.00015758859269573194
2.7137349858541543e-08 0.0017846135024196675
1.1995927567554505e-07 -0.0003723782679138162
2.8841362220301366e-07 0.0002996477616830481
5.540705888852915e-07 -9.590204705308826e-05
1.004852429999568e-06 0.0006785155317375318
1.5301402177765165e-06 -4.4815892741306495e-05
2.1636921271944856e-06 -0.0003609142555833805
2.6238606389894545e-06 0.0006892424308415534
2.6992513393318056e-06 0.0004958181483669948
2.141253875467157e-06 0.0005176265186986616
1.18539834606442e-06 -0.0005507307785218439
4.116115009158575e-07 0.0015321252257915268
3.7581130601162675e-07 -0.0011456744171124392
5.211486876353123e-07 -0.0007549597063878615
5.213359223571692e-07 0.00043320169765743993
6.489797320372545e-07 0.0003426170184480622
7.138536324438817e-07 -0.0012510477731698159
6.474843678405719e-07 0.00041719543128917276
5.737499724611696e-07 -0.00046850196631122615
3.4889217244732936e-07 0.00019420427945438876
1.8798358456058075e-07 -0.0003248322840071315
9.008037332755095e-08 0.0010936659645456959
1.2876037341251121e-08 7.294960273808112e-05
5.329682462652749e-09 -0.0002504458330308342
1.8302897307317436e-61 -0.00037568362803098337
1.3546816529705636e-09 0.0007167589059144409
1.5511458329481054e-09 0.0013402100606596306
3.4306909848852055e-08 -0.0011225839852273148
7.03084458380102e-08 0.0012100704073250883
2.1403680734772316e-07 0.0004243355645693839
5.372052174143492e-07 5.774668973971e-05
1.020547563102522e-06 -0.001329447583613101
1.5852445755015486e-06 0.0015334250858722288
2.297186828649049e-06 0.0007492377053072214
3.1139832095112e-06 0.000336994006651116
3.812575018663569e-06 -0.0013075355407012558
3.87186852176906e-06 -0.00036963712467314786
2.737188381109467e-06 -0.00021286183380217933
1.1549952666802474e-06 -0.0003218646010191575
-5.423165853724556e-08 0.00032077738765446583
1.1370021890321623e-07 -0.0004297204623852273
6.181770910877855e-07 0.002781695822870308
1.3052797667523504e-06 -0.0011097980820329815
1.6979689154213973e-06 -6.44352047483982e-05
1.8004885089623048e-06 -0.0014950314914835387
1.450079850471559e-06 5.303985658902603e-05
1.0133358650910659e-06 -0.0005518504252380149
5.905924223830496e-07 -0.001082731100324782
3.2617343882201884e-07 -0.0007141759389021184
1.452393198921503e-07 0.0009912524304098635
1.9296440775526645e-08 0.0010662901905894647
7.160738173133007e-09 0.000784503665701712
-3.570604735004854e-62 -0.0017685305348244754
9.640349398113006e-10 0.0001262717421749494
1.0720297182659794e-08 0.00030921400097715833
7.153743102685415e-08 -0.0007402039136470614
1.3534254186258365e-07 0.0002692533959228005
3.34901408350962e-07 0.0008361039128796129
7.461198070891242e-07 6.088015218171672e-05
1.3668207269234446e-06 0.00017949015124006458
2.0849360055252182e-06 -0.0011417258828593767
2.942081464507502e-06 -0.000364969791161747
3.9828278543066385e-06 -0.0006965365003669952
4.581841426663263e-06 0.0009521432783891531
4.263619429663321e-06 -0.0005887847244493737
2.4475506982513564e-06 0.0004948496141273323
1.396933290252786e-07 0.001625324911597412
-1.353218395836496e-06 -0.00036194476478824825
-9.918908489930386e-07 -0.0010280313858704972
4.1137643812403015e-07 -4.554758348054879e-05
1.9729872747419083e-06 -0.002508434974897553
2.6692069801981597e-06 -7.861572273750035e-05
2.7166690683622745e-06 0.0002521008826415669
2.065362802820593e-06 0.000349862693827994
1.238973150390122e-06 -0.0012167553217386916
5.970688093329934e-07 -0.003914001162354206
3.1083240673036e-07 -0.0018140463458935305
1.2918884761428172e-07 0.00014918644157376891
1.3613393645727225e-08 -0.0003738212655997305
3.331623090958967e-62 -0.001312548570807244
3.7176204921937836e-62 -0.0006835439245223569
5.081478260674604e-09 -0.00016155224379119418
4.2317524022594196e-08 0.0009323697696704906
1.1019338431671276e-07 0.0015801794206937662
1.9873499730907827e-07 -0.0007606575572381474
4.567547499320328e-07 -0.0017135932838634265
9.14616702797439e-07 -0.0001986556553082391
1.6100718101079195e-06 -0.0003999187887545412
2.4136552825599494e-06 -0.0005448261366152642
3.4209006262638847e-06 -0.0006376479695926237
4.2965265239298305e-06 0.0012365112253712614
4.681171126286318e-06 0.00028300147440969475
3.745294198333858e-06 0.000536871090584677
1.3618933442398317e-06 -0.0012198832772455748
-1.6292281592376412e-06 8.075631995313145e-06
-3.3073338913802525e-06 -0.00017410610480836974
-2.26765464330974e-06 0.001413898487130546
1.9436945517055032e-07 -0.00015926110078904527
2.3087151452847583e-06 5.80543175837227e-05
3.3468077984999498e-06 -0.002130431520503197
3.079820735791094e-06 -0.0009619560456451739
2.207347812157767e-06 -0.0006331667444284043
1.278746027922801e-06 -7.6100592545180335e-06
5.947088049574067e-07 0.0009498434432003882
2.661457239277506e-07 -0.0009738888298116102
9.99775916988962e-08 -0.001511270096199648
1.5687456231794963e-08 -0.00021033704946475307
6.499489097117924e-62 -0.00043868683806101396
2.1249047861271077e-19 0.00011716057963938918
8.396986708729123e-09 -0.0002009626400507256
4.2037431139258274e-08 0.0013037398964595528
1.1804138925641261e-07 -0.000980055951658322
2.0861871540957174e-07 -0.0007976541242622712
4.4510492573869405e-07 -0.0006278550894412583
9.180830067188172e-07 0.00043318568888439586
1.6221177255778992e-06 0.0014658531625273844
2.565423728050087e-06 -0.0004704196982696961
3.5602677883815118e-06 7.501300886860028e-05
4.340759937474825e-06 -0.0012247783857946466
4.308041128260619e-06 -0.001108820536126907
3.013867035373993e-06 0.0004716395203959998
1.969842268562205e-08 0.0006924498146392167
-3.589242174040563e-06 0.0002133686697105792
-5.0101672757373895e-06 0.0010057105324778309
-2.8718621743641918e-06 0.001901611946370106
4.773063924477543e-07 0.00034148820963544836
2.932251210483755e-06 -0.0005347558328869973
3.6962816583734753e-06 0.00015146566105208532
3.1438428813918704e-06 -0.0024068331992655617
2.100973083333082e-06 -0.0008634009826908919
1.2389477185512253e-06 0.0006125049823200988
5.705776834112849e-07 -0.0005522099312587984
2.1242494011177496e-07 -5.943354427629734e-05
6.25227468625524e-08 -7.563987494606568e-05
1.18783742839895e-08 0.0003361012701051557
1.304300885248507e-61 0.0005690118469203571
2.719878126242698e-17 -0.0006407982971300131
1.2056361824486754e-09 0.0012642890733611022
1.837877997861354e-08 -0.0002012683152272731
5.595632072247892e-08 0.0020182965206808714
1.351338596301969e-07 -0.0017647732691534865
3.8781045924277775e-07 -0.001397850137510585
8.971759353346781e-07 -0.001532612109009284
1.6958670728444223e-06 -0.0017924996758685373
2.716832182644098e-06 -6.480388878678687e-05
3.665420549229824e-06 -0.0013118165533855086
4.263271333457519e-06 -0.0020799113505611797
3.840474453606176e-06 -0.0007177613747983693
2.380587082428044e-06 -0.0008080900222992823
-1.0841893485029013e-06 -0.0002534323445854323
-5.100556246225879e-06 -0.0004428374752813338
-5.827895316953872e-06 -0.0010133635309156484
-2.4181892745077647e-06 -0.0012375782742256934
1.582488953766594e-06 0.0014831101459775633
3.6465894734137517e-06 -0.0010888336414386767
3.802570983292058e-06 -0.0019755599255990804
2.9647842057467533e-06 -0.0022305143125573254
1.9457259279541386e-06 -0.0037770242862746654
1.1738552149537094e-06 -0.0008532101274978553
5.679528526944462e-07 -3.0845449324360215e-07
1.96853175660815e-07 0.00160472903751105
1.8984476874940833e-08 0.00032451840228350126
6.773017269216071e-11 0.0006763471773182646
-1.1914709904526648e-09 0.0020811463734408536
-7.338267396257695e-62 -0.0006643921585239539
1.991888350406578e-11 -0.0008546320264674979
3.870948353696575e-09 0.001506122158527052
2.089408761347308e-08 -0.0002961715603844011
9.042654236255309e-08 -0.000880074080381042
3.897609938473122e-07 0.001029642686492997
9.50889828065577e-07 -0.00012120745541905695
1.8067162038739407e-06 -0.0008021640609172429
2.921685317214838e-06 -0.0008444430922675903
3.821693318722713e-06 -0.000842596361994405
3.974091554117121e-06 -0.003237401196767289
3.5881041231378155e-06 -0.00016591049557838846
2.07381057620512e-06 0.0004159877403218841
-1.910682701719054e-06 0.00023832907127591436
-5.844467101469316e-06 0.002098195263020941
-5.214398363576823e-06 -0.0001895293218211399
-7.53101703409188e-07 0.0019151680515286057
3.237860165392872e-06 -0.0019725929997129444
4.4163457402705125e-06 -0.0008533821989502547
3.816555894867691e-06 -0.0019121277816172165
2.7850828414232506e-06 0.0013413059017561165
1.7932497267482573e-06 -0.00027758778169374384
1.1263212799225018e-06 0.0007942481421204992
6.215751265549399e-07 0.0005847087524396162
2.289696778875872e-07 0.000438627433486237
1.5021721631420073e-08 -0.001160159563726527
2.950450268868534e-11 0.000375191597109221
-1.5983147432901597e-09 -0.00107571012517033
-1.2317140660929182e-61 -0.0016960451088351496
3.737911058081743e-62 -0.001255203946877508
6.953009897256901e-10 0.0004299895909752333
1.4362766286221508e-08 -2.7016244364150666e-05
9.819043179216441e-08 -0.00011018526153370602
4.400632225578647e-07 -0.0011155556879927262
1.1023468653610813e-06 -0.0006556437604573174
2.0427638243188e-06 0.0010704565816220322
3.1348811105949773e-06 -0.0002478848310680675
3.915348733660507e-06 0.000733831493322995
4.037340512480455e-06 -0.0018215502067592067
3.5975589100040724e-06 -0.0010511090082000031
1.8925639872491334e-06 0.00038477074627783634
-2.813306308889257e-06 0.0010040085349598204
-5.630920719859931e-06 0.0005220110231771662
-3.868628532695546e-06 -0.0006527533915609129
1.372068911087106e-06 -0.00025300671699360415
4.751503093072945e-06 -0.00018622963256558484
4.8313958210025724e-06 -0.000284399712089057
3.7157991436627216e-06 -0.0013643116665634912
2.5446798213769067e-06 0.0003763067051204576
1.7587181812204077e-06 -1.0662487817303347e-05
1.162010215719138e-06 0.00032866523824415716
6.874531500291661e-07 -0.0008696313756240504
2.885709501536836e-07 -0.0015717760486397487
2.2473208034918188e-08 0.0002346516053428333
1.567236740869306e-09 -0.00047867092094395423
1.2069508904860368e-61 0.00016836129471621685
4.686572022541587e-62 -0.0010771046107565115
2.9217992006540378e-09 0.0004165599164108234
1.135623393963502e-09 0.0013349183323048681
-6.740398548073206e-10 -0.0001573499270373164
1.3259400257608948e-07 7.604297004950272e-05
5.457149498222891e-07 0.0008050156044073756
1.2208656555737861e-06 -3.538141081576129e-05
2.2190005874951966e-06 -0.0001430473317586667
3.2398533561588723e-06 -1.325839412191884e-05
3.823831576995448e-06 -0.00018587682057159772
3.961850068743531e-06 -9.265749399099494e-05
3.508125715255973e-06 -0.00159040759038718
1.4012015322280662e-06 0.0005717209892406726
-3.5435567722334196e-06 0.0013593527333487102
-5.081114262561635e-06 0.001428733521614026
-2.5140214189278174e-06 0.0011727085205791308
3.101618972460433e-06 -0.00045095166186673823
5.29721765139111e-06 -0.0013589518920310796
4.7725151432081414e-06 -0.0018692922409999167
3.550538057564998e-06 -0.001783653156519771
2.4608207112225114e-06 -0.001088867478129977
1.8039021352532123e-06 0.0012448191944359093
1.1791729303773571e-06 0.00047993659503782645
7.111323126360713e-07 0.0013800393776567564
3.128769019810406e-07 -0.0013826539439816923
3.3719287648030664e-08 0.00036712325556541043
3.918642551705992e-09 -0.0006831257110298473
5.197769032568705e-62 0.0004707540300513545
1.952148168335956e-62 0.0007031234703795822
6.669965851998105e-09 0.0010776850862607955
2.208431896003156e-09 0.0017721174888817815
1.2037257675696845e-08 -0.000227441283938846
1.4853601707950522e-07 -0.0011074173486137794
6.506467903903057e-07 -0.001214963001982706
1.365251592403436e-06 -0.00017405332148274445
2.2656022750083156e-06 0.00029004988754536615
3.1041599600920618e-06 -0.0004536643470024113
3.6027638494588328e-06 -0.0008589141073885262
3.80856760277876e-06 0.0015721704164743545
3.1543297638518302e-06 -0.00014920169266145273
3.7603470079303594e-07 -0.0007402609979405355
-3.870753924284443e-06 -0.0005477357894869791
-4.585297865260868e-06 0.001340369271833317
-1.0969609185650611e-06 0.0008295625349920849
3.9234518461515925e-06 -0.0011641728516207596
5.138812311496031e-06 -0.00021662202972097902
4.4251053150631015e-06 0.0006380776935688941
3.3908722237959596e-06 0.000817845146015285
2.5061940392802624e-06 -0.00038374772820278994
1.8567385504020355e-06 -0.00016995720807917595
1.2069156403177145e-06 0.00043452923449606575
6.486815474146944e-07 0.0010516277057948456
2.611989237397858e-07 -0.0011156690846206312
4.07938595389978e-08 -0.0026581668633974555
5.894020107004278e-09 -0.0019585611446575556
1.937137773127314e-61 0.00032362836098924047
-1.3108675402155037e-61 -0.0001864183786849036
3.1579038214116678e-09 0.0010001680498204636
1.0142706849432677e-08 0.0014262722525691443
1.6748412634353633e-08 0.0004479410670256675
1.9498443078376778e-07 0.00017565230871203604
7.352948171667085e-07 0.0005310327090263154
1.4148345409410984e-06 0.00199849630219328
2.21934485784893e-06 -0.0005622661138191563
2.832782601121072e-06 -0.0006609924856123504
3.406078850634082e-06 -0.001693937187454861
3.3691066835311115e-06 -0.0021384064970044053
2.1749376049963455e-06 4.904139235999493e-05
-8.873690645351701e-07 0.000230954797596328
-4.3261158147264366e-06 0.001968682443670535
-4.279687506417525e-06 0.0015006477208287282
8.828924040499208e-09 0.0005909123557681396
3.986081399541379e-06 -0.00021365604301888612
4.656792543229179e-06 -0.0007185682713406814
4.111089546009704e-06 -0.001963178390628647
3.3261070830923234e-06 -0.00035964464317617893
2.547027968467183e-06 0.0015049049321114536
1.8214886229262264e-06 -0.001541439248569137
1.1556064846411792e-06 0.001407626097641281
6.077141237893555e-07 0.0008412670397488022
2.389430670907792e-07 0.0005381471204592128
4.8995108458511724e-08 0.0012812100802016058
3.3062287247687373e-09 0.0006578632773353372
1.085729336000014e-61 -0.0005068202942119896
8.960248010661767e-62 -0.0006979221008648472
1.0919800303684692e-09 -0.001611358438282195
9.599682054173183e-09 0.0006845343114453784
2.6298930919238754e-08 -0.0014034413846987746
2.3615130278883863e-07 -0.001653207802195562
7.948384679558e-07 -0.0004346247618179731
1.4126585057859714e-06 0.00014885697724497255
2.0468568337985973e-06 -0.0003137860553990477
2.5780767330023617e-06 0.0005935027928756109
2.8473748280262735e-06 0.0012039658430831974
2.3066165602202205e-06 -0.001863047665468278
6.763656334621634e-07 -8.663188248079466e-05
-2.1852363888929927e-06 0.0017112287058438827
-4.677155186561662e-06 0.0012973706639401682
-3.5780885507676853e-06 0.0002420180054151534
6.996300875767024e-07 0.000575609098164674
3.830199727105088e-06 0.0002923629242743162
4.32400569090781e-06 -0.0007450425946332725
4.061364898457615e-06 -0.0021443247778504568
3.366806641311181e-06 -0.0005141278867589464
2.5260537956945052e-06 0.0009750489127976049
1.799370062587762e-06 -0.0007126577598328669
1.0189304860200179e-06 -0.00030457996870695853
4.897800075349826e-07 -0.0001402031784394039
2.0943801369567504e-07 0.0007572329527136274
7.061366590525135e-08 -0.0006456237936000686
7.58898210537095e-09 0.0009508568099330505
-3.524901434672722e-11 0.0009728482359624414
5.356988549423042e-63 0.0003628116455891886
2.3118467454761818e-12 -0.0005404844775622564
1.7121032819195128e-09 -0.0015236429926147228
4.144568255279074e-08 -0.00038817502775841974
2.9448140717966643e-07 0.0017762806717418695
8.565008822351258e-07 -0.00013994692899250885
1.4828716000032244e-06 -0.001789810348763291
2.044320453858376e-06 0.00021593521880784467
2.343219660659428e-06 -0.0006365892447146372
2.2485304403091404e-06 -0.00012938035251646086
1.3192949120883989e-06 3.177348192643253e-05
-5.77173984958201e-07 5.187166876084246e-05
-2.9193261381277977e-06 0.00035118989794915244
-4.27798740900861e-06 0.0017109157799750055
-2.54457248819194e-06 0.000995942688826352
1.1234404423728534e-06 0.0017669083697501862
3.7413975207618564e-06 -0.0006650321183073408
4.419951971277273e-06 -0.0005492909944527054
4.125294046487788e-06 0.001264912546186887
3.299484461650664e-06 0.0019398632683070086
2.4054930833177565e-06 -0.0004400917483133189
1.6080390635206333e-06 0.0004339989199091863
8.304488189697163e-07 -0.0011719336729275377
3.882918807108449e-07 0.0004070240580433259
1.8280786708436006e-07 0.0012001175732861945
7.200957512332903e-08 -0.00024046289821838128
8.538604640481161e-09 0.0004724437108269237
-5.683903563409764e-10 -0.0008821999623214623
-7.399201951325404e-63 -0.0015784814636715006
-4.775540131319062e-62 7.38887634732033e-05
2.1011350192415222e-10 -9.50532976664474e-05
7.487136019404586e-08 0.0005420565815607424
3.558335427114582e-07 -0.0009736048211677996
9.483874246209248e-07 -0.0010061713280186532
1.5956079715414447e-06 -0.0003370156118354514
2.112540621441198e-06 0.00028932788950870723
2.217731014662276e-06 0.00026792888102218475
1.7614249849131178e-06 -0.0007338968295481354
7.265573164187487e-07 0.001619327317673461
-9.66211529259017e-07 -0.00045559870651988517
-2.5771745076208976e-06 0.00010758502352744165
-2.9503305665846485e-06 -0.0016134739261940384
-1.0977850595604487e-06 0.001476506010715168
1.7388670197035923e-06 0.00047997249475419346
3.868282589271114e-06 -0.0017723734683953373
4.497029979656798e-06 -0.002480159838220741
4.080752079394547e-06 0.0009386502297692699
3.0914698406727316e-06 0.0016542886588315742
2.1307887585672267e-06 -0.0019554896307233598
1.310931348809043e-06 -0.0012662796361041452
6.957450751852608e-07 0.0007796406976961647
3.290469026289627e-07 0.00021708682167072337
1.4754349463255648e-07 0.0003159541756906284
7.061250718312182e-08 0.00032717359888370195
1.8037016875941285e-08 0.00022529919824529644
-4.4061267933409044e-10 0.0003098708381201617
-1.235413928799608e-62 0.0010655281042370633
-1.8591655822639248e-62 -0.0009008207816667937
1.0423289302725384e-08 -4.450020241883927e-06
1.1151335441597752e-07 8.790933233363068e-05
3.7081892201173997e-07 0.0013930808240114221
9.526283493329505e-07 8.126136588602012e-05
1.610505781010041e-06 0.000576105363352735
2.095757722587794e-06 0.00023320574763200936
2.1419342870048782e-06 -0.0015133695530552195
1.5912223552020792e-06 -0.0008377412007783089
5.33877314142034e-07 0.00082289526900126
-6.154039989998427e-07 -0.0009207422861211678
-1.3008595269279208e-06 0.0003279437254840146
-1.3144346836123032e-06 0.0008209089461720254
1.1999690543383523e-07 -0.0010764633460775544
2.2757938607995356e-06 0.0004046331346063549
3.852390737932391e-06 -0.0018782945696835473
4.137588626800694e-06 9.056665045245486e-05
3.603737955031328e-06 0.0010242992348099018
2.5405343976177905e-06 1.3170782544742554e-05
1.651848598247785e-06 0.00020642750292744564
9.84166440325423e-07 3.819035073788981e-05
4.996385551104509e-07 0.0005914373565156946
2.7804511875629275e-07 -0.0004082542003739043
1.479530455429392e-07 -0.000965141995158682
5.0634247695266664e-08 0.0019522360509928065
6.8501711419742455e-09 0.0005610991550592342
-8.053251507742951e-62 -0.002152816010867683
-1.1246305060494031e-11 -0.0006553216705178056
-3.514470331404385e-12 0.0009660165461526798
3.9370570144236507e-08 0.0010717372212221835
1.421460030946679e-07 0.0015619684192346719
3.284313194880376e-07 0.0001276322707390438
7.327390755479438e-07 4.868915020744516e-05
1.3265691744826603e-06 -0.0001787492586229776
1.7760016034285313e-06 -0.0002841951518537615
1.7634884319000653e-06 -0.0017980274185864327
1.310080264752572e-06 0.0010523314476069494
6.465760474933352e-07 -0.0004613615899798591
1.7007174561682585e-07 -0.0008092656234485674
-9.409214951868105e-08 0.0010751251555269866
1.3998576770731798e-08 -0.0014237938104692824
7.71188939821458e-07 0.0010880023699737136
2.1610311138419345e-06 -0.0002943434281487181
3.2483508485486386e-06 -0.00044857895509606955
3.388311774728571e-06 -0.0007405670994490414
2.7167605904408975e-06 -9.097304941573466e-05
1.8339294588390592e-06 0.0009500687194315078
1.1425457762893768e-06 -0.0018304049821878648
6.728317398987835e-07 -0.0012178128699584958
3.3473123047389095e-07 -0.0008846944763197857
1.7399327054078148e-07 0.0003572788941607531
6.918520594471828e-08 0.001655346697673631
2.3814114534176366e-08 -0.0015185042367993596
2.353104268644235e-09 -0.00021520706906163039
7.247583048316225e-63 0.0008070207350834195
-1.089485802735359e-11 0.0006171214048247437
-3.514470331404385e-12 -0.0005640763086771996
1.1178425597000399e-08 -0.0017307520332679046
9.14508192281922e-08 -0.0006254598135463884
2.2610360605110555e-07 -0.000928732684737221
4.2070898440618256e-07 0.0016742335513944611
7.901648158636365e-07 -0.00023517073284516366
1.0791340608690275e-06 -0.0022080009285866727
1.0893001211333262e-06 0.0002200254441170792
8.083100188882458e-07 -1.8286302637786546e-05
5.815283864302955e-07 0.0007998614566033515
5.762275602327375e-07 -0.0003312857937077767
5.470679201202765e-07 0.00011683337500558859
4.4359240564096747e-07 -0.0012797502770906784
6.017471796702069e-07 0.00019757405818972474
1.3675038688480906e-06 0.0005026781651791338
2.041986007555797e-06 -0.0005608850762408798
2.1579975374814825e-06 -0.0004231025676120554
1.6607078585975802e-06 0.00048497562761385315
1.0908889721561453e-06 -7.757811271092564e-05
6.562835476058401e-07 0.002262714779240828
3.866226630104341e-07 0.0006365433264201229
1.863928600557741e-07 0.0009707949146974716
8.769587084310577e-08 0.0001776131188163939
3.620294027067722e-08 -0.00016838122974068944
2.763222561135075e-09 -0.0005620615396289546
2.6227601855692273e-10 0.0016951482218056783
-1.0947061478128135e-61 -0.0006757577052309568
6.4322299144436065e-62 6.449081384701525e-06
2.360610850117412e-62 0.00030125245876157876
6.014061978851905e-10 0.001187091667202729
2.500656915864299e-08 -0.0006171286380957516
8.079980936236362e-08 0.00011006139376037327
1.4830459326201538e-07 -0.00032410617703290716
2.5285742596364935e-07 0.0007570390952365058
3.7219199872277755e-07 0.0009033159264967892
3.3430573903365223e-07 -0.000565919187841399
3.5651088424629874e-07 0.0007887143626322382
2.957414216548818e-07 -0.00011587483219761744
6.96958153662617e-07 0.0011839736311194341
7.497709690756037e-07 -0.000456625609111249
5.848729636261809e-07 -0.0001977217993708621
3.9323918129006404e-07 0.000139956291784419
6.661307655754643e-07 0.00023051261805784017
1.1824140142587507e-06 0.0011596516997373957
1.2596477354290258e-06 0.0004556574277179078
9.403917168481747e-07 0.0008795751352338359
5.706483312094806e-07 -0.0024235122899887995
3.211676378320037e-07 7.774908102421599e-05
1.543328532261801e-07 0.0014640056508883079
6.339965056675382e-08 0.001182230214147718
2.2598233626523043e-08 0.0008491465601000584
1.27504727190918e-08 0.0002775856294833203
4.2480558560204855e-11 0.00016574377882100908
-1.6449078418101892e-10 0.001512311471126483
1.1138065381686551e-61 -0.0010556958519081945
-1.0632668063902059e-61 0.0005980063437716425
-1.828099028511564e-61 -0.0005577813775556273
3.593654449598788e-10 -0.001972839124982962
1.513275064283264e-09 0.000413387376133327
7.238247171710646e-09 -0.0003750938304913437
1.562119883592655e-08 -0.0004103574609064138
6.618226931864638e-08 0.0008642284245406392
1.9356066095176895e-07 0.0018761940633308276
4.2560726642465467e-07 0.0005651006544189467
5.732861039865947e-07 -0.0005109650070486295
8.03572515860718e-07 -0.0008992786676293448
1.0854055391503376e-06 0.00039012207138069586
1.2784545887937753e-06 0.0001830244988776823
1.0963618312795773e-06 -0.0005335227615357525
9.087034149867047e-07 -0.00014342627906664625
9.54235850036657e-07 -0.0003244152778729531
9.208495713205458e-07 -0.0010862462559344897
7.049309706049607e-07 -0.0009642134410653521
4.822329529431392e-07 -0.00014757392905294934
2.904835982002252e-07 -0.0009313814126429169
1.4298728840226423e-07 0.00023822045758882518
6.599791860779803e-08 -0.0011341870349537984
2.5403288312556714e-08 5.4059055868255957e-05
3.0397271308561928e-09 -0.0009561107551488502
6.745765207437442e-10 -0.00194994229623452
-2.0714060845614186e-61 0.0019197390727760458
-1.99394105930296e-62 0.0005186950586889451
-1.1899623539163113e-61 0.00021489100879185018
-1.0631069428410166e-61 -0.0006255024676358046
1.0081062010433928e-61 -0.0005367710342100434
-7.567302798330342e-62 0.0004316612638670049
5.987732051732401e-11 0.0011029142987674554
2.6426789129035683e-09 -0.0007044326711473102
1.8643253180020817e-08 -0.0004433899552160511
4.999891311889934e-08 0.0002988910375540522
1.4547693793478496e-07 0.0019267329202160381
2.9195698377895907e-07 0.0008244089350919953
4.47707958408894e-07 -0.0016577614428930768
6.394931936184481e-07 0.0013381464775667348
7.399917648327615e-07 -0.0006836453947539553
7.815713560033416e-07 0.0003914165674985334
7.692814866420627e-07 -0.00018088140664202976
6.923472966284969e-07 -0.00022115120017584898
5.749987761923474e-07 0.0005140321967852372
5.007251386591625e-07 -0.002468035950573029
4.0248574007262006e-07 0.0007319197582507916
3.2322156365741664e-07 0.00048606235938155023
1.821407479025614e-07 -0.001560704173613343
6.443873470781253e-08 -0.0007758548252944503
2.7637405044249578e-08 0.001004909335732249
8.619654294037475e-09 -0.000950561312866027
1.0952456468620335e-09 0.001446322112570828
1.1286608027818096e-13 -5.014162034948656e-05
7.7454372221416215e-62 -0.0008285736737253152
-3.688201964874058e-62 -0.00013300752073193623
7.798436157428071e-62 -0.0005936328632921842
-4.5853980393951e-62 -0.0010555294333982129
6.388815858951121e-62 -0.0005146901132299072
-5.0521972645606555e-62 -0.0004435347670234637
-9.330345857268584e-62 -0.0006221746648568531
2.4821014584870655e-12 0.0009743650409204519
1.4593281778008586e-10 -0.0012727509258210646
2.233332282408568e-09 -0.0009591487197468472
3.8701047943208505e-08 0.0008510783179273202
1.1330676202491747e-07 -0.0008553625202903504
1.6692957031648137e-07 0.00022817677557856677
1.9822808438709054e-07 0.00010481669801998478
2.607636770946207e-07 -0.0004733824012815726
2.8097320160790075e-07 -0.0010214421511096305
2.9477097809573514e-07 -3.769574047678427e-05
2.6243693626473757e-07 0.0006785516182190518
2.1083332634539344e-07 -0.0004872286893952187
1.9207499947837353e-07 0.0009470232742878691
1.5554397593034663e-07 -0.0007197456244136447
1.4822734125665444e-07 0.0020295327783145904
7.057148531351653e-08 4.444495594339992e-05
2.0464475469649263e-08 -8.874938872746466e-05
4.020456452246197e-09 -0.0009469008753370544
7.352510597805385e-11 0.00038582708895498275
1.0426403349315231e-14 -0.0022830761399628423
9.650098241501884e-62 -0.0004270863279255211
1.3894491509054083e-63 2.3653652418531782e-05
5.411590034385934e-62 7.565587502182452e-05
-1.524422803227017e-61 0.0026130300597006586
8.778212758972903e-62 -2.3214069468458677e-05
-2.9453247949248425e-64 8.637136727152349e-05
-3.2657302779083977e-62 -0.000616619733413658
7.513099197461961e-62 0.00015923106260978893
2.7984236086252196e-12 0.0009168262075130222
5.2770273762647056e-11 -0.00019526516127152716
1.3887905480555615e-10 0.0018429434800520395
4.126172549757846e-10 -0.0015888677781999933
2.3600287459499014e-09 0.0002975653466020509
2.8666810220370587e-09 0.0010018763748556297
5.359099724152686e-09 0.00014458867934751365
1.1131969749034329e-08 -0.0006429547996138298
9.326738886086313e-09 -0.00026808055695604885
1.7824873012633422e-08 0.0003694608715031224
4.486579889557614e-08 0.0007583711005977525
4.390866702964192e-08 -0.00023704159811398324
2.2264293161201346e-08 0.0019582938676513005
3.05968874877965e-08 -0.0007589418266296792
2.433075509099683e-08 -0.0015470891509498706
1.581913507639148e-10 -0.00016067190913456365
3.618016637338585e-17 2.7814460349322876e-05
2.541225971464004e-17 -0.001078119980841467
3.1585859532320952e-18 0.0010254789179756402
-6.232203519901347e-63 -0.0005943967200682709
3.7435289803890665e-62 -0.0018807396007847492
1.9400768956144977e-62 -1.7223012303783637e-05
5.176367793919398e-62 -0.0010746459533741638
2.7058506493152517e-62 0.00047390830255679927
